   -1.622693      0.0000000E+00
    3.623283      0.0000000E+00
    8.869259      0.0000000E+00
    14.11523      0.0000000E+00
    19.36121      0.0000000E+00
    24.60719      0.0000000E+00
    29.85316      0.0000000E+00
    35.09914      0.0000000E+00
    40.34512      0.0000000E+00
    45.59109      0.0000000E+00
    50.83707      0.0000000E+00
    56.08304      0.0000000E+00
    61.32902      0.0000000E+00
    66.57500       92.00000    
    71.82097       598.0000    
    77.06695       22616.00    
    82.31292       34241.00    
    87.55890       34689.00    
    92.80487       34385.00    
    98.05085       35208.00    
    103.2968       35091.00    
    108.5428       35376.00    
    113.7888       35629.00    
    119.0348       36635.00    
    124.2807       38702.00    
    129.5267       41294.00    
    134.7727       44338.00    
    140.0187       45197.00    
    145.2646       43042.00    
    150.5106       38344.00    
    155.7566       33403.00    
    161.0026       30158.00    
    166.2485       27382.00    
    171.4945       25760.00    
    176.7405       24523.00    
    181.9865       23674.00    
    187.2324       22773.00    
    192.4784       22404.00    
    197.7244       21740.00    
    202.9704       22031.00    
    208.2163       21851.00    
    213.4623       21974.00    
    218.7083       21232.00    
    223.9543       20064.00    
    229.2003       19065.00    
    234.4462       17168.00    
    239.6922       16329.00    
    244.9382       15226.00    
    250.1842       14639.00    
    255.4301       14025.00    
    260.6761       13635.00    
    265.9221       13277.00    
    271.1681       12802.00    
    276.4141       12485.00    
    281.6600       12060.00    
    286.9060       11668.00    
    292.1520       11200.00    
    297.3979       10970.00    
    302.6439       10779.00    
    307.8899       10372.00    
    313.1359       9988.000    
    318.3819       9824.000    
    323.6278       9433.000    
    328.8738       9103.000    
    334.1198       8766.000    
    339.3658       8787.000    
    344.6117       8395.000    
    349.8577       8260.000    
    355.1037       7860.000    
    360.3497       7774.000    
    365.5956       7529.000    
    370.8416       7176.000    
    376.0876       7090.000    
    381.3336       6877.000    
    386.5795       6615.000    
    391.8255       6637.000    
    397.0715       6177.000    
    402.3175       6043.000    
    407.5634       6052.000    
    412.8094       5923.000    
    418.0554       5701.000    
    423.3014       5490.000    
    428.5474       5237.000    
    433.7933       5092.000    
    439.0393       4801.000    
    444.2853       4646.000    
    449.5313       4579.000    
    454.7772       4429.000    
    460.0232       4355.000    
    465.2692       4296.000    
    470.5152       4112.000    
    475.7611       4053.000    
    481.0071       3986.000    
    486.2531       3948.000    
    491.4991       3773.000    
    496.7450       3603.000    
    501.9910       3350.000    
    507.2370       3460.000    
    512.4830       3248.000    
    517.7289       3232.000    
    522.9749       3092.000    
    528.2209       2987.000    
    533.4669       2992.000    
    538.7128       2808.000    
    543.9588       2720.000    
    549.2048       2697.000    
    554.4507       2752.000    
    559.6968       2625.000    
    564.9427       2471.000    
    570.1887       2340.000    
    575.4347       2250.000    
    580.6807       2255.000    
    585.9266       2227.000    
    591.1726       2140.000    
    596.4186       1982.000    
    601.6646       1914.000    
    606.9105       1928.000    
    612.1565       1941.000    
    617.4025       1858.000    
    622.6484       1826.000    
    627.8944       1699.000    
    633.1404       1709.000    
    638.3864       1549.000    
    643.6324       1553.000    
    648.8784       1504.000    
    654.1243       1515.000    
    659.3703       1348.000    
    664.6163       1348.000    
    669.8622       1356.000    
    675.1082       1264.000    
    680.3542       1249.000    
    685.6002       1148.000    
    690.8461       1186.000    
    696.0921       1113.000    
    701.3381       1086.000    
    706.5841       1091.000    
    711.8301       970.0000    
    717.0760       988.0000    
    722.3220       929.0000    
    727.5680       918.0000    
    732.8140       887.0000    
    738.0599       847.0000    
    743.3059       801.0000    
    748.5519       805.0000    
    753.7979       789.0000    
    759.0438       780.0000    
    764.2898       735.0000    
    769.5358       682.0000    
    774.7817       670.0000    
    780.0278       670.0000    
    785.2737       631.0000    
    790.5197       619.0000    
    795.7657       625.0000    
    801.0117       573.0000    
    806.2576       564.0000    
    811.5036       565.0000    
    816.7496       517.0000    
    821.9955       504.0000    
    827.2415       480.0000    
    832.4875       481.0000    
    837.7335       453.0000    
    842.9794       435.0000    
    848.2254       429.0000    
    853.4714       420.0000    
    858.7174       391.0000    
    863.9634       397.0000    
    869.2094       413.0000    
    874.4553       365.0000    
    879.7013       327.0000    
    884.9473       344.0000    
    890.1932       306.0000    
    895.4392       330.0000    
    900.6852       323.0000    
    905.9312       303.0000    
    911.1771       305.0000    
    916.4231       274.0000    
    921.6691       266.0000    
    926.9150       287.0000    
    932.1611       272.0000    
    937.4070       274.0000    
    942.6530       238.0000    
    947.8990       239.0000    
    953.1450       234.0000    
    958.3909       225.0000    
    963.6369       196.0000    
    968.8829       225.0000    
    974.1288       198.0000    
    979.3748       215.0000    
    984.6208       208.0000    
    989.8668       163.0000    
    995.1127       179.0000    
    1000.359       160.0000    
    1005.605       188.0000    
    1010.851       159.0000    
    1016.097       157.0000    
    1021.343       125.0000    
    1026.589       124.0000    
    1031.834       149.0000    
    1037.080       146.0000    
    1042.327       128.0000    
    1047.573       113.0000    
    1052.818       125.0000    
    1058.064       93.00000    
    1063.310       129.0000    
    1068.556       105.0000    
    1073.802       105.0000    
    1079.048       101.0000    
    1084.294       123.0000    
    1089.540       79.00000    
    1094.786       93.00000    
    1100.032       101.0000    
    1105.278       94.00000    
    1110.524       78.00000    
    1115.770       90.00000    
    1121.016       88.00000    
    1126.262       74.00000    
    1131.508       72.00000    
    1136.754       61.00000    
    1142.000       66.00000    
    1147.246       59.00000    
    1152.492       60.00000    
    1157.738       57.00000    
    1162.984       65.00000    
    1168.230       68.00000    
    1173.476       58.00000    
    1178.722       62.00000    
    1183.968       68.00000    
    1189.214       61.00000    
    1194.460       57.00000    
    1199.706       45.00000    
    1204.952       65.00000    
    1210.198       61.00000    
    1215.444       35.00000    
    1220.690       41.00000    
    1225.936       54.00000    
    1231.182       42.00000    
    1236.428       41.00000    
    1241.674       43.00000    
    1246.920       41.00000    
    1252.166       41.00000    
    1257.411       52.00000    
    1262.657       40.00000    
    1267.903       44.00000    
    1273.149       35.00000    
    1278.395       25.00000    
    1283.641       33.00000    
    1288.887       42.00000    
    1294.133       29.00000    
    1299.379       33.00000    
    1304.625       32.00000    
    1309.871       40.00000    
    1315.117       28.00000    
    1320.363       36.00000    
    1325.609       29.00000    
    1330.855       29.00000    
    1336.101       30.00000    
    1341.347       25.00000    
    1346.593       43.00000    
    1351.839       36.00000    
    1357.085       26.00000    
    1362.331       23.00000    
    1367.577       31.00000    
    1372.823       32.00000    
    1378.069       27.00000    
    1383.315       30.00000    
    1388.561       21.00000    
    1393.807       31.00000    
    1399.053       27.00000    
    1404.299       32.00000    
    1409.545       27.00000    
    1414.791       31.00000    
    1420.037       16.00000    
    1425.283       29.00000    
    1430.529       19.00000    
    1435.775       24.00000    
    1441.021       34.00000    
    1446.267       22.00000    
    1451.513       20.00000    
    1456.759       22.00000    
    1462.005       30.00000    
    1467.250       24.00000    
    1472.496       24.00000    
    1477.742       24.00000    
    1482.988       21.00000    
    1488.234       26.00000    
    1493.480       17.00000    
    1498.726       22.00000    
    1503.972       18.00000    
    1509.218       25.00000    
    1514.464       19.00000    
    1519.710       18.00000    
    1524.956       24.00000    
    1530.202       16.00000    
    1535.448       21.00000    
    1540.694       15.00000    
    1545.940       16.00000    
    1551.186       25.00000    
    1556.432       25.00000    
    1561.678       21.00000    
    1566.924       20.00000    
    1572.170       21.00000    
    1577.416       22.00000    
    1582.662       17.00000    
    1587.908       19.00000    
    1593.154       20.00000    
    1598.400       20.00000    
    1603.646       21.00000    
    1608.892       13.00000    
    1614.138       16.00000    
    1619.384       22.00000    
    1624.630       17.00000    
    1629.876       19.00000    
    1635.122       10.00000    
    1640.368       17.00000    
    1645.614       20.00000    
    1650.860       26.00000    
    1656.106       23.00000    
    1661.352       25.00000    
    1666.598       14.00000    
    1671.844       14.00000    
    1677.090       23.00000    
    1682.336       24.00000    
    1687.582       18.00000    
    1692.828       16.00000    
    1698.073       19.00000    
    1703.319       20.00000    
    1708.565       16.00000    
    1713.811       13.00000    
    1719.057       21.00000    
    1724.303       31.00000    
    1729.549       11.00000    
    1734.795       21.00000    
    1740.041       22.00000    
    1745.287       18.00000    
    1750.533       20.00000    
    1755.779       28.00000    
    1761.025       12.00000    
    1766.271       25.00000    
    1771.517       21.00000    
    1776.763       16.00000    
    1782.009       16.00000    
    1787.255       13.00000    
    1792.501       20.00000    
    1797.747       29.00000    
    1802.993       22.00000    
    1808.239       15.00000    
    1813.485       19.00000    
    1818.731       18.00000    
    1823.977       20.00000    
    1829.223       10.00000    
    1834.469       21.00000    
    1839.715       19.00000    
    1844.961       19.00000    
    1850.207       12.00000    
    1855.453       17.00000    
    1860.699       20.00000    
    1865.945       25.00000    
    1871.191       21.00000    
    1876.437       13.00000    
    1881.683       19.00000    
    1886.929       14.00000    
    1892.175       25.00000    
    1897.421       19.00000    
    1902.667       15.00000    
    1907.912       24.00000    
    1913.158       15.00000    
    1918.404       17.00000    
    1923.650       21.00000    
    1928.896       21.00000    
    1934.142       24.00000    
    1939.388       24.00000    
    1944.634       21.00000    
    1949.880       19.00000    
    1955.126       21.00000    
    1960.372       18.00000    
    1965.618       16.00000    
    1970.864       21.00000    
    1976.110       25.00000    
    1981.356       21.00000    
    1986.602       18.00000    
    1991.848       17.00000    
    1997.094       20.00000    
    2002.340       15.00000    
    2007.586       19.00000    
    2012.832       18.00000    
    2018.078       15.00000    
    2023.324       20.00000    
    2028.570       14.00000    
    2033.816       23.00000    
    2039.062       16.00000    
    2044.308       19.00000    
    2049.554       24.00000    
    2054.800       18.00000    
    2060.046       13.00000    
    2065.292       17.00000    
    2070.538       20.00000    
    2075.784       17.00000    
    2081.030       17.00000    
    2086.276       22.00000    
    2091.522       14.00000    
    2096.768       24.00000    
    2102.014       23.00000    
    2107.260       19.00000    
    2112.506       25.00000    
    2117.752       22.00000    
    2122.998       20.00000    
    2128.244       22.00000    
    2133.490       29.00000    
    2138.736       19.00000    
    2143.981       21.00000    
    2149.228       24.00000    
    2154.473       25.00000    
    2159.719       23.00000    
    2164.966       19.00000    
    2170.211       19.00000    
    2175.458       20.00000    
    2180.703       17.00000    
    2185.949       20.00000    
    2191.195       18.00000    
    2196.441       21.00000    
    2201.687       18.00000    
    2206.933       21.00000    
    2212.179       18.00000    
    2217.425       18.00000    
    2222.671       17.00000    
    2227.917       18.00000    
    2233.163       23.00000    
    2238.409       24.00000    
    2243.655       23.00000    
    2248.901       22.00000    
    2254.147       18.00000    
    2259.393       20.00000    
    2264.639       17.00000    
    2269.885       17.00000    
    2275.131       21.00000    
    2280.377       25.00000    
    2285.623       22.00000    
    2290.869       17.00000    
    2296.115       18.00000    
    2301.361       16.00000    
    2306.607       28.00000    
    2311.853       13.00000    
    2317.099       26.00000    
    2322.345       22.00000    
    2327.591       20.00000    
    2332.837       14.00000    
    2338.083       17.00000    
    2343.329       14.00000    
    2348.575       20.00000    
    2353.821       30.00000    
    2359.067       25.00000    
    2364.313       15.00000    
    2369.559       15.00000    
    2374.804       24.00000    
    2380.051       22.00000    
    2385.296       21.00000    
    2390.542       23.00000    
    2395.788       23.00000    
    2401.034       34.00000    
    2406.280       34.00000    
    2411.526       20.00000    
    2416.772       19.00000    
    2422.018       23.00000    
    2427.264       20.00000    
    2432.510       22.00000    
    2437.756       20.00000    
    2443.002       17.00000    
    2448.248       29.00000    
    2453.494       25.00000    
    2458.740       22.00000    
    2463.986       19.00000    
    2469.232       22.00000    
    2474.478       26.00000    
    2479.724       26.00000    
    2484.970       29.00000    
    2490.216       22.00000    
    2495.462       20.00000    
    2500.708       29.00000    
    2505.954       23.00000    
    2511.200       17.00000    
    2516.446       19.00000    
    2521.692       25.00000    
    2526.938       27.00000    
    2532.184       36.00000    
    2537.430       27.00000    
    2542.676       26.00000    
    2547.922       27.00000    
    2553.168       29.00000    
    2558.414       23.00000    
    2563.660       28.00000    
    2568.906       21.00000    
    2574.152       29.00000    
    2579.397       27.00000    
    2584.644       26.00000    
    2589.889       18.00000    
    2595.135       23.00000    
    2600.381       17.00000    
    2605.627       22.00000    
    2610.874       23.00000    
    2616.119       16.00000    
    2621.365       31.00000    
    2626.611       24.00000    
    2631.857       24.00000    
    2637.103       27.00000    
    2642.349       20.00000    
    2647.595       25.00000    
    2652.841       19.00000    
    2658.087       27.00000    
    2663.333       24.00000    
    2668.579       24.00000    
    2673.825       23.00000    
    2679.071       19.00000    
    2684.317       20.00000    
    2689.563       19.00000    
    2694.809       29.00000    
    2700.055       19.00000    
    2705.301       26.00000    
    2710.547       27.00000    
    2715.793       28.00000    
    2721.039       22.00000    
    2726.285       30.00000    
    2731.531       24.00000    
    2736.777       24.00000    
    2742.023       26.00000    
    2747.269       23.00000    
    2752.515       32.00000    
    2757.761       31.00000    
    2763.007       19.00000    
    2768.253       24.00000    
    2773.499       19.00000    
    2778.745       38.00000    
    2783.991       22.00000    
    2789.237       23.00000    
    2794.483       18.00000    
    2799.729       25.00000    
    2804.975       29.00000    
    2810.220       24.00000    
    2815.467       28.00000    
    2820.712       34.00000    
    2825.958       21.00000    
    2831.204       24.00000    
    2836.450       30.00000    
    2841.696       32.00000    
    2846.942       28.00000    
    2852.188       22.00000    
    2857.434       28.00000    
    2862.680       33.00000    
    2867.926       29.00000    
    2873.172       18.00000    
    2878.418       24.00000    
    2883.664       27.00000    
    2888.910       18.00000    
    2894.156       25.00000    
    2899.402       23.00000    
    2904.648       20.00000    
    2909.894       23.00000    
    2915.140       22.00000    
    2920.386       30.00000    
    2925.632       33.00000    
    2930.878       27.00000    
    2936.124       29.00000    
    2941.370       26.00000    
    2946.616       21.00000    
    2951.862       23.00000    
    2957.108       26.00000    
    2962.354       31.00000    
    2967.600       24.00000    
    2972.846       27.00000    
    2978.092       25.00000    
    2983.338       23.00000    
    2988.584       21.00000    
    2993.830       18.00000    
    2999.076       22.00000    
    3004.322       39.00000    
    3009.568       37.00000    
    3014.813       16.00000    
    3020.060       25.00000    
    3025.305       23.00000    
    3030.552       25.00000    
    3035.797       25.00000    
    3041.043       29.00000    
    3046.289       21.00000    
    3051.535       37.00000    
    3056.781       27.00000    
    3062.027       27.00000    
    3067.273       27.00000    
    3072.519       34.00000    
    3077.765       26.00000    
    3083.011       30.00000    
    3088.257       32.00000    
    3093.503       32.00000    
    3098.749       23.00000    
    3103.995       34.00000    
    3109.241       27.00000    
    3114.487       22.00000    
    3119.733       26.00000    
    3124.979       14.00000    
    3130.225       29.00000    
    3135.471       25.00000    
    3140.717       22.00000    
    3145.963       29.00000    
    3151.209       25.00000    
    3156.455       21.00000    
    3161.701       24.00000    
    3166.947       21.00000    
    3172.193       23.00000    
    3177.439       23.00000    
    3182.685       25.00000    
    3187.931       28.00000    
    3193.177       32.00000    
    3198.423       31.00000    
    3203.669       27.00000    
    3208.915       34.00000    
    3214.161       32.00000    
    3219.407       33.00000    
    3224.653       33.00000    
    3229.899       27.00000    
    3235.145       36.00000    
    3240.391       23.00000    
    3245.636       20.00000    
    3250.883       26.00000    
    3256.128       32.00000    
    3261.375       30.00000    
    3266.620       35.00000    
    3271.866       23.00000    
    3277.112       25.00000    
    3282.358       22.00000    
    3287.604       39.00000    
    3292.850       32.00000    
    3298.096       28.00000    
    3303.342       34.00000    
    3308.588       33.00000    
    3313.834       21.00000    
    3319.080       30.00000    
    3324.326       34.00000    
    3329.572       21.00000    
    3334.818       31.00000    
    3340.064       40.00000    
    3345.310       34.00000    
    3350.556       33.00000    
    3355.802       30.00000    
    3361.048       30.00000    
    3366.294       28.00000    
    3371.540       32.00000    
    3376.786       32.00000    
    3382.032       18.00000    
    3387.278       24.00000    
    3392.524       29.00000    
    3397.770       38.00000    
    3403.016       28.00000    
    3408.262       34.00000    
    3413.508       32.00000    
    3418.754       32.00000    
    3424.000       33.00000    
    3429.246       29.00000    
    3434.492       30.00000    
    3439.738       26.00000    
    3444.984       24.00000    
    3450.229       35.00000    
    3455.476       30.00000    
    3460.721       23.00000    
    3465.968       27.00000    
    3471.213       40.00000    
    3476.459       28.00000    
    3481.705       34.00000    
    3486.951       34.00000    
    3492.197       40.00000    
    3497.443       26.00000    
    3502.689       31.00000    
    3507.935       39.00000    
    3513.181       35.00000    
    3518.427       24.00000    
    3523.673       32.00000    
    3528.919       33.00000    
    3534.165       28.00000    
    3539.411       28.00000    
    3544.657       46.00000    
    3549.903       39.00000    
    3555.149       37.00000    
    3560.395       32.00000    
    3565.641       33.00000    
    3570.887       41.00000    
    3576.133       38.00000    
    3581.379       26.00000    
    3586.625       29.00000    
    3591.871       35.00000    
    3597.117       27.00000    
    3602.363       35.00000    
    3607.609       31.00000    
    3612.855       36.00000    
    3618.101       33.00000    
    3623.347       28.00000    
    3628.593       35.00000    
    3633.839       33.00000    
    3639.085       29.00000    
    3644.331       36.00000    
    3649.577       25.00000    
    3654.823       34.00000    
    3660.069       43.00000    
    3665.315       37.00000    
    3670.561       38.00000    
    3675.807       43.00000    
    3681.052       39.00000    
    3686.299       40.00000    
    3691.544       34.00000    
    3696.791       42.00000    
    3702.036       32.00000    
    3707.282       46.00000    
    3712.528       29.00000    
    3717.774       25.00000    
    3723.020       28.00000    
    3728.266       28.00000    
    3733.512       35.00000    
    3738.758       38.00000    
    3744.004       48.00000    
    3749.250       33.00000    
    3754.496       33.00000    
    3759.742       32.00000    
    3764.988       29.00000    
    3770.234       38.00000    
    3775.480       32.00000    
    3780.726       43.00000    
    3785.972       43.00000    
    3791.218       37.00000    
    3796.464       32.00000    
    3801.710       36.00000    
    3806.956       31.00000    
    3812.202       28.00000    
    3817.448       44.00000    
    3822.694       27.00000    
    3827.940       26.00000    
    3833.186       36.00000    
    3838.432       32.00000    
    3843.678       39.00000    
    3848.924       38.00000    
    3854.170       34.00000    
    3859.416       43.00000    
    3864.662       31.00000    
    3869.908       43.00000    
    3875.154       39.00000    
    3880.400       37.00000    
    3885.646       47.00000    
    3890.892       35.00000    
    3896.137       29.00000    
    3901.384       44.00000    
    3906.629       42.00000    
    3911.875       36.00000    
    3917.121       43.00000    
    3922.367       47.00000    
    3927.613       33.00000    
    3932.859       37.00000    
    3938.105       50.00000    
    3943.351       29.00000    
    3948.597       36.00000    
    3953.843       42.00000    
    3959.089       49.00000    
    3964.335       33.00000    
    3969.581       51.00000    
    3974.827       46.00000    
    3980.073       33.00000    
    3985.319       29.00000    
    3990.565       34.00000    
    3995.811       46.00000    
    4001.057       35.00000    
    4006.303       45.00000    
    4011.549       32.00000    
    4016.795       44.00000    
    4022.041       41.00000    
    4027.287       34.00000    
    4032.533       38.00000    
    4037.779       44.00000    
    4043.025       49.00000    
    4048.271       40.00000    
    4053.517       38.00000    
    4058.763       37.00000    
    4064.009       31.00000    
    4069.255       31.00000    
    4074.501       48.00000    
    4079.747       45.00000    
    4084.993       39.00000    
    4090.239       49.00000    
    4095.484       47.00000    
    4100.730       48.00000    
    4105.977       45.00000    
    4111.223       42.00000    
    4116.469       54.00000    
    4121.714       45.00000    
    4126.960       40.00000    
    4132.207       47.00000    
    4137.453       44.00000    
    4142.698       37.00000    
    4147.944       40.00000    
    4153.190       50.00000    
    4158.437       40.00000    
    4163.682       49.00000    
    4168.928       47.00000    
    4174.174       36.00000    
    4179.420       32.00000    
    4184.666       38.00000    
    4189.912       46.00000    
    4195.158       53.00000    
    4200.404       50.00000    
    4205.650       41.00000    
    4210.896       42.00000    
    4216.142       44.00000    
    4221.388       34.00000    
    4226.634       41.00000    
    4231.880       38.00000    
    4237.126       40.00000    
    4242.372       47.00000    
    4247.618       44.00000    
    4252.864       42.00000    
    4258.110       44.00000    
    4263.356       58.00000    
    4268.602       55.00000    
    4273.848       47.00000    
    4279.094       32.00000    
    4284.340       43.00000    
    4289.586       54.00000    
    4294.832       43.00000    
    4300.078       39.00000    
    4305.324       45.00000    
    4310.570       41.00000    
    4315.815       40.00000    
    4321.062       39.00000    
    4326.308       58.00000    
    4331.554       43.00000    
    4336.799       66.00000    
    4342.045       45.00000    
    4347.292       58.00000    
    4352.538       46.00000    
    4357.783       46.00000    
    4363.029       57.00000    
    4368.275       45.00000    
    4373.521       52.00000    
    4378.767       47.00000    
    4384.013       54.00000    
    4389.259       60.00000    
    4394.505       50.00000    
    4399.751       43.00000    
    4404.997       41.00000    
    4410.243       53.00000    
    4415.489       58.00000    
    4420.735       41.00000    
    4425.981       59.00000    
    4431.227       47.00000    
    4436.473       55.00000    
    4441.719       53.00000    
    4446.965       45.00000    
    4452.211       51.00000    
    4457.457       57.00000    
    4462.703       51.00000    
    4467.949       48.00000    
    4473.195       60.00000    
    4478.441       60.00000    
    4483.687       65.00000    
    4488.933       54.00000    
    4494.179       54.00000    
    4499.425       45.00000    
    4504.671       57.00000    
    4509.917       43.00000    
    4515.163       46.00000    
    4520.409       56.00000    
    4525.655       57.00000    
    4530.900       42.00000    
    4536.146       65.00000    
    4541.393       53.00000    
    4546.639       71.00000    
    4551.885       44.00000    
    4557.130       56.00000    
    4562.376       54.00000    
    4567.623       57.00000    
    4572.869       52.00000    
    4578.114       60.00000    
    4583.360       45.00000    
    4588.606       55.00000    
    4593.853       75.00000    
    4599.098       61.00000    
    4604.344       57.00000    
    4609.590       52.00000    
    4614.836       61.00000    
    4620.082       57.00000    
    4625.328       63.00000    
    4630.574       57.00000    
    4635.820       75.00000    
    4641.066       48.00000    
    4646.312       44.00000    
    4651.558       60.00000    
    4656.804       42.00000    
    4662.050       65.00000    
    4667.296       64.00000    
    4672.542       56.00000    
    4677.788       69.00000    
    4683.034       60.00000    
    4688.280       64.00000    
    4693.526       71.00000    
    4698.772       78.00000    
    4704.018       61.00000    
    4709.264       62.00000    
    4714.510       74.00000    
    4719.756       71.00000    
    4725.002       62.00000    
    4730.248       61.00000    
    4735.494       63.00000    
    4740.740       65.00000    
    4745.986       74.00000    
    4751.231       64.00000    
    4756.478       75.00000    
    4761.724       76.00000    
    4766.970       54.00000    
    4772.215       58.00000    
    4777.461       60.00000    
    4782.708       66.00000    
    4787.954       64.00000    
    4793.199       84.00000    
    4798.445       69.00000    
    4803.691       58.00000    
    4808.938       74.00000    
    4814.183       74.00000    
    4819.429       70.00000    
    4824.675       70.00000    
    4829.921       84.00000    
    4835.167       64.00000    
    4840.413       65.00000    
    4845.659       70.00000    
    4850.905       82.00000    
    4856.151       69.00000    
    4861.397       74.00000    
    4866.643       71.00000    
    4871.889       55.00000    
    4877.135       61.00000    
    4882.381       84.00000    
    4887.627       72.00000    
    4892.873       77.00000    
    4898.119       84.00000    
    4903.365       86.00000    
    4908.611       80.00000    
    4913.857       80.00000    
    4919.103       83.00000    
    4924.349       67.00000    
    4929.595       72.00000    
    4934.841       78.00000    
    4940.087       84.00000    
    4945.333       85.00000    
    4950.579       64.00000    
    4955.825       83.00000    
    4961.071       82.00000    
    4966.316       62.00000    
    4971.563       68.00000    
    4976.809       90.00000    
    4982.055       103.0000    
    4987.300       69.00000    
    4992.546       92.00000    
    4997.792       91.00000    
    5003.039       76.00000    
    5008.285       103.0000    
    5013.530       95.00000    
    5018.776       77.00000    
    5024.022       81.00000    
    5029.269       87.00000    
    5034.514       92.00000    
    5039.760       111.0000    
    5045.006       85.00000    
    5050.252       108.0000    
    5055.498       111.0000    
    5060.744       99.00000    
    5065.990       91.00000    
    5071.236       98.00000    
    5076.482       105.0000    
    5081.728       94.00000    
    5086.974       94.00000    
    5092.220       85.00000    
    5097.466       103.0000    
    5102.712       82.00000    
    5107.958       108.0000    
    5113.204       100.0000    
    5118.450       92.00000    
    5123.696       107.0000    
    5128.942       102.0000    
    5134.188       90.00000    
    5139.434       91.00000    
    5144.680       99.00000    
    5149.926       96.00000    
    5155.172       111.0000    
    5160.418       95.00000    
    5165.664       112.0000    
    5170.910       111.0000    
    5176.156       94.00000    
    5181.402       115.0000    
    5186.647       114.0000    
    5191.894       116.0000    
    5197.140       110.0000    
    5202.386       127.0000    
    5207.631       105.0000    
    5212.877       108.0000    
    5218.124       98.00000    
    5223.370       108.0000    
    5228.615       112.0000    
    5233.861       128.0000    
    5239.107       135.0000    
    5244.354       111.0000    
    5249.599       138.0000    
    5254.845       123.0000    
    5260.091       136.0000    
    5265.337       130.0000    
    5270.583       126.0000    
    5275.829       136.0000    
    5281.075       143.0000    
    5286.321       134.0000    
    5291.567       142.0000    
    5296.813       139.0000    
    5302.059       136.0000    
    5307.305       153.0000    
    5312.551       123.0000    
    5317.797       121.0000    
    5323.043       133.0000    
    5328.289       127.0000    
    5333.535       143.0000    
    5338.781       143.0000    
    5344.027       155.0000    
    5349.273       146.0000    
    5354.519       147.0000    
    5359.765       140.0000    
    5365.011       151.0000    
    5370.257       175.0000    
    5375.503       170.0000    
    5380.749       203.0000    
    5385.995       203.0000    
    5391.241       258.0000    
    5396.487       342.0000    
    5401.732       451.0000    
    5406.979       565.0000    
    5412.225       758.0000    
    5417.471       932.0000    
    5422.716       1370.000    
    5427.962       1660.000    
    5433.208       2230.000    
    5438.455       2744.000    
    5443.701       3390.000    
    5448.946       3479.000    
    5454.192       3190.000    
    5459.438       2448.000    
    5464.685       1690.000    
    5469.930       983.0000    
    5475.176       502.0000    
    5480.422       352.0000    
    5485.668       288.0000    
    5490.914       233.0000    
    5496.160       211.0000    
    5501.406       224.0000    
    5506.652       247.0000    
    5511.898       271.0000    
    5517.144       230.0000    
    5522.390       260.0000    
    5527.636       272.0000    
    5532.882       246.0000    
    5538.128       261.0000    
    5543.374       285.0000    
    5548.620       296.0000    
    5553.866       301.0000    
    5559.112       364.0000    
    5564.358       388.0000    
    5569.604       367.0000    
    5574.850       410.0000    
    5580.096       479.0000    
    5585.342       501.0000    
    5590.588       596.0000    
    5595.834       667.0000    
    5601.080       762.0000    
    5606.326       790.0000    
    5611.572       969.0000    
    5616.818       1193.000    
    5622.063       1604.000    
    5627.310       2261.000    
    5632.556       3351.000    
    5637.802       4885.000    
    5643.047       7273.000    
    5648.293       10703.00    
    5653.540       15035.00    
    5658.786       20978.00    
    5664.031       29510.00    
    5669.277       39558.00    
    5674.523       51971.00    
    5679.770       63477.00    
    5685.015       69360.00    
    5690.261       66472.00    
    5695.507       53779.00    
    5700.753       36735.00    
    5705.999       20587.00    
    5711.245       9246.000    
    5716.491       3574.000    
    5721.737       1163.000    
    5726.983       452.0000    
    5732.229       281.0000    
    5737.475       327.0000    
    5742.721       329.0000    
    5747.967       351.0000    
    5753.213       361.0000    
    5758.459       452.0000    
    5763.705       420.0000    
    5768.951       420.0000    
    5774.197       404.0000    
    5779.443       380.0000    
    5784.689       322.0000    
    5789.935       300.0000    
    5795.181       244.0000    
    5800.427       210.0000    
    5805.673       189.0000    
    5810.919       184.0000    
    5816.165       194.0000    
    5821.411       160.0000    
    5826.657       162.0000    
    5831.903       148.0000    
    5837.148       176.0000    
    5842.395       182.0000    
    5847.641       138.0000    
    5852.887       162.0000    
    5858.132       160.0000    
    5863.378       173.0000    
    5868.625       190.0000    
    5873.871       161.0000    
    5879.116       182.0000    
    5884.362       187.0000    
    5889.608       205.0000    
    5894.854       182.0000    
    5900.101       220.0000    
    5905.346       202.0000    
    5910.592       247.0000    
    5915.838       212.0000    
    5921.084       250.0000    
    5926.330       239.0000    
    5931.576       291.0000    
    5936.822       271.0000    
    5942.068       318.0000    
    5947.314       314.0000    
    5952.560       337.0000    
    5957.806       402.0000    
    5963.052       450.0000    
    5968.298       519.0000    
    5973.544       591.0000    
    5978.790       723.0000    
    5984.036       911.0000    
    5989.282       1103.000    
    5994.528       1281.000    
    5999.774       1681.000    
    6005.020       2171.000    
    6010.266       2752.000    
    6015.512       3428.000    
    6020.758       4301.000    
    6026.004       5351.000    
    6031.250       6879.000    
    6036.496       8562.000    
    6041.742       10545.00    
    6046.988       11758.00    
    6052.234       12854.00    
    6057.479       12947.00    
    6062.726       12575.00    
    6067.972       11890.00    
    6073.218       11362.00    
    6078.463       10488.00    
    6083.709       9565.000    
    6088.956       8831.000    
    6094.202       7449.000    
    6099.447       5875.000    
    6104.693       4101.000    
    6109.939       2830.000    
    6115.186       1577.000    
    6120.431       956.0000    
    6125.677       580.0000    
    6130.923       369.0000    
    6136.169       235.0000    
    6141.415       224.0000    
    6146.661       215.0000    
    6151.907       214.0000    
    6157.153       197.0000    
    6162.399       218.0000    
    6167.645       236.0000    
    6172.891       241.0000    
    6178.137       313.0000    
    6183.383       306.0000    
    6188.629       361.0000    
    6193.875       411.0000    
    6199.121       495.0000    
    6204.367       590.0000    
    6209.613       723.0000    
    6214.859       939.0000    
    6220.105       1133.000    
    6225.351       1512.000    
    6230.597       2220.000    
    6235.843       3010.000    
    6241.089       4340.000    
    6246.335       5873.000    
    6251.581       8282.000    
    6256.827       11317.00    
    6262.073       14863.00    
    6267.319       19734.00    
    6272.564       26050.00    
    6277.811       32984.00    
    6283.057       39084.00    
    6288.303       41578.00    
    6293.548       39173.00    
    6298.794       31842.00    
    6304.041       22068.00    
    6309.287       12818.00    
    6314.532       6124.000    
    6319.778       2334.000    
    6325.024       845.0000    
    6330.271       274.0000    
    6335.516       117.0000    
    6340.762       93.00000    
    6346.008       89.00000    
    6351.254       88.00000    
    6356.500       98.00000    
    6361.746       82.00000    
    6366.992       106.0000    
    6372.238       95.00000    
    6377.484       78.00000    
    6382.730       82.00000    
    6387.976       88.00000    
    6393.222       94.00000    
    6398.468       96.00000    
    6403.714       97.00000    
    6408.960       102.0000    
    6414.206       114.0000    
    6419.452       132.0000    
    6424.698       105.0000    
    6429.944       98.00000    
    6435.190       112.0000    
    6440.436       88.00000    
    6445.682       95.00000    
    6450.928       110.0000    
    6456.174       95.00000    
    6461.420       89.00000    
    6466.666       121.0000    
    6471.912       113.0000    
    6477.158       96.00000    
    6482.404       109.0000    
    6487.650       110.0000    
    6492.896       108.0000    
    6498.142       139.0000    
    6503.388       118.0000    
    6508.634       110.0000    
    6513.879       129.0000    
    6519.125       139.0000    
    6524.372       143.0000    
    6529.618       130.0000    
    6534.863       132.0000    
    6540.109       146.0000    
    6545.355       150.0000    
    6550.602       169.0000    
    6555.847       179.0000    
    6561.093       167.0000    
    6566.339       169.0000    
    6571.585       167.0000    
    6576.831       183.0000    
    6582.077       170.0000    
    6587.323       209.0000    
    6592.569       199.0000    
    6597.815       212.0000    
    6603.061       223.0000    
    6608.307       236.0000    
    6613.553       261.0000    
    6618.799       268.0000    
    6624.045       275.0000    
    6629.291       308.0000    
    6634.537       298.0000    
    6639.783       317.0000    
    6645.029       317.0000    
    6650.275       329.0000    
    6655.521       344.0000    
    6660.767       358.0000    
    6666.013       437.0000    
    6671.259       433.0000    
    6676.505       518.0000    
    6681.751       577.0000    
    6686.997       683.0000    
    6692.243       772.0000    
    6697.489       938.0000    
    6702.735       1089.000    
    6707.980       1404.000    
    6713.227       1829.000    
    6718.473       2317.000    
    6723.719       2977.000    
    6728.964       4017.000    
    6734.210       5201.000    
    6739.457       6964.000    
    6744.703       9343.000    
    6749.948       12606.00    
    6755.194       16135.00    
    6760.440       21131.00    
    6765.687       26653.00    
    6770.932       32260.00    
    6776.178       37105.00    
    6781.424       38750.00    
    6786.670       36404.00    
    6791.917       30160.00    
    6797.162       22088.00    
    6802.408       13772.00    
    6807.654       7282.000    
    6812.900       3330.000    
    6818.146       1410.000    
    6823.392       501.0000    
    6828.638       173.0000    
    6833.884       76.00000    
    6839.130       51.00000    
    6844.376       37.00000    
    6849.622       17.00000    
    6854.868       20.00000    
    6860.114       13.00000    
    6865.360       21.00000    
    6870.606       10.00000    
    6875.852       11.00000    
    6881.098       6.000000    
    6886.344       12.00000    
    6891.590       11.00000    
    6896.836       14.00000    
    6902.082       16.00000    
    6907.328       11.00000    
    6912.574       12.00000    
    6917.820       11.00000    
    6923.065       13.00000    
    6928.312       16.00000    
    6933.558       10.00000    
    6938.804       9.000000    
    6944.050       9.000000    
    6949.295       11.00000    
    6954.542       11.00000    
    6959.788       17.00000    
    6965.034       20.00000    
    6970.279       10.00000    
    6975.525       14.00000    
    6980.771       7.000000    
    6986.018       16.00000    
    6991.263       17.00000    
    6996.509       19.00000    
    7001.755       18.00000    
    7007.001       9.000000    
    7012.247       16.00000    
    7017.493       7.000000    
    7022.739       13.00000    
    7027.985       7.000000    
    7033.231       16.00000    
    7038.477       12.00000    
    7043.723       19.00000    
    7048.969       8.000000    
    7054.215       15.00000    
    7059.461       12.00000    
    7064.707       16.00000    
    7069.953       11.00000    
    7075.199       15.00000    
    7080.445       9.000000    
    7085.691       18.00000    
    7090.937       13.00000    
    7096.183       23.00000    
    7101.429       12.00000    
    7106.675       14.00000    
    7111.921       14.00000    
    7117.167       26.00000    
    7122.413       19.00000    
    7127.659       13.00000    
    7132.905       17.00000    
    7138.151       10.00000    
    7143.396       17.00000    
    7148.643       21.00000    
    7153.889       17.00000    
    7159.135       13.00000    
    7164.380       14.00000    
    7169.626       10.00000    
    7174.873       14.00000    
    7180.119       7.000000    
    7185.364       18.00000    
    7190.610       22.00000    
    7195.856       16.00000    
    7201.103       18.00000    
    7206.348       10.00000    
    7211.594       17.00000    
    7216.840       23.00000    
    7222.086       15.00000    
    7227.332       17.00000    
    7232.578       18.00000    
    7237.824       13.00000    
    7243.070       15.00000    
    7248.316       10.00000    
    7253.562       17.00000    
    7258.808       20.00000    
    7264.054       9.000000    
    7269.300       16.00000    
    7274.546       19.00000    
    7279.792       22.00000    
    7285.038       18.00000    
    7290.284       21.00000    
    7295.530       20.00000    
    7300.776       20.00000    
    7306.022       27.00000    
    7311.268       19.00000    
    7316.514       13.00000    
    7321.760       22.00000    
    7327.006       21.00000    
    7332.252       24.00000    
    7337.498       18.00000    
    7342.744       18.00000    
    7347.990       23.00000    
    7353.236       30.00000    
    7358.481       40.00000    
    7363.728       51.00000    
    7368.974       67.00000    
    7374.220       48.00000    
    7379.465       70.00000    
    7384.711       69.00000    
    7389.958       73.00000    
    7395.204       73.00000    
    7400.450       69.00000    
    7405.695       48.00000    
    7410.941       35.00000    
    7416.188       26.00000    
    7421.434       21.00000    
    7426.679       18.00000    
    7431.925       16.00000    
    7437.171       10.00000    
    7442.417       23.00000    
    7447.663       9.000000    
    7452.909       19.00000    
    7458.155       13.00000    
    7463.401       24.00000    
    7468.647       19.00000    
    7473.893       21.00000    
    7479.139       18.00000    
    7484.385       19.00000    
    7489.631       17.00000    
    7494.877       12.00000    
    7500.123       19.00000    
    7505.369       13.00000    
    7510.615       20.00000    
    7515.861       16.00000    
    7521.107       20.00000    
    7526.353       11.00000    
    7531.599       18.00000    
    7536.845       17.00000    
    7542.091       21.00000    
    7547.337       21.00000    
    7552.583       15.00000    
    7557.829       10.00000    
    7563.075       20.00000    
    7568.321       23.00000    
    7573.567       19.00000    
    7578.813       16.00000    
    7584.059       21.00000    
    7589.305       14.00000    
    7594.551       21.00000    
    7599.796       12.00000    
    7605.042       17.00000    
    7610.289       12.00000    
    7615.535       17.00000    
    7620.780       18.00000    
    7626.026       20.00000    
    7631.272       20.00000    
    7636.519       15.00000    
    7641.764       14.00000    
    7647.010       19.00000    
    7652.256       19.00000    
    7657.502       28.00000    
    7662.748       15.00000    
    7667.994       22.00000    
    7673.240       21.00000    
    7678.486       15.00000    
    7683.732       25.00000    
    7688.978       15.00000    
    7694.224       14.00000    
    7699.470       20.00000    
    7704.716       23.00000    
    7709.962       29.00000    
    7715.208       19.00000    
    7720.454       19.00000    
    7725.700       19.00000    
    7730.946       21.00000    
    7736.192       15.00000    
    7741.438       11.00000    
    7746.684       18.00000    
    7751.930       28.00000    
    7757.176       27.00000    
    7762.422       14.00000    
    7767.668       18.00000    
    7772.914       23.00000    
    7778.160       24.00000    
    7783.406       25.00000    
    7788.652       20.00000    
    7793.897       30.00000    
    7799.144       30.00000    
    7804.390       19.00000    
    7809.636       27.00000    
    7814.881       21.00000    
    7820.127       22.00000    
    7825.374       27.00000    
    7830.620       30.00000    
    7835.866       41.00000    
    7841.111       18.00000    
    7846.357       19.00000    
    7851.604       28.00000    
    7856.850       21.00000    
    7862.095       26.00000    
    7867.341       25.00000    
    7872.587       22.00000    
    7877.833       13.00000    
    7883.079       25.00000    
    7888.325       24.00000    
    7893.571       26.00000    
    7898.817       28.00000    
    7904.063       18.00000    
    7909.309       18.00000    
    7914.555       33.00000    
    7919.801       27.00000    
    7925.047       29.00000    
    7930.293       21.00000    
    7935.539       31.00000    
    7940.785       29.00000    
    7946.031       20.00000    
    7951.277       27.00000    
    7956.523       29.00000    
    7961.769       25.00000    
    7967.015       35.00000    
    7972.261       23.00000    
    7977.507       28.00000    
    7982.753       39.00000    
    7987.999       25.00000    
    7993.245       27.00000    
    7998.491       37.00000    
    8003.737       32.00000    
    8008.983       31.00000    
    8014.229       22.00000    
    8019.475       33.00000    
    8024.721       32.00000    
    8029.967       34.00000    
    8035.212       30.00000    
    8040.458       28.00000    
    8045.705       30.00000    
    8050.951       28.00000    
    8056.196       29.00000    
    8061.442       36.00000    
    8066.688       40.00000    
    8071.935       31.00000    
    8077.180       36.00000    
    8082.426       37.00000    
    8087.672       36.00000    
    8092.918       32.00000    
    8098.164       40.00000    
    8103.410       24.00000    
    8108.656       33.00000    
    8113.902       40.00000    
    8119.148       26.00000    
    8124.394       28.00000    
    8129.640       32.00000    
    8134.886       35.00000    
    8140.132       39.00000    
    8145.378       42.00000    
    8150.624       38.00000    
    8155.870       44.00000    
    8161.116       42.00000    
    8166.362       41.00000    
    8171.608       49.00000    
    8176.854       38.00000    
    8182.100       38.00000    
    8187.346       44.00000    
    8192.592       40.00000    
    8197.837       47.00000    
    8203.083       32.00000    
    8208.329       41.00000    
    8213.575       34.00000    
    8218.821       45.00000    
    8224.067       35.00000    
    8229.313       36.00000    
    8234.560       39.00000    
    8239.805       40.00000    
    8245.051       44.00000    
    8250.297       50.00000    
    8255.543       44.00000    
    8260.789       38.00000    
    8266.035       41.00000    
    8271.281       57.00000    
    8276.527       44.00000    
    8281.773       47.00000    
    8287.019       47.00000    
    8292.265       40.00000    
    8297.511       61.00000    
    8302.757       40.00000    
    8308.003       59.00000    
    8313.249       53.00000    
    8318.495       52.00000    
    8323.741       59.00000    
    8328.986       45.00000    
    8334.232       47.00000    
    8339.479       54.00000    
    8344.725       47.00000    
    8349.971       70.00000    
    8355.217       55.00000    
    8360.463       61.00000    
    8365.709       49.00000    
    8370.954       65.00000    
    8376.200       71.00000    
    8381.446       59.00000    
    8386.692       59.00000    
    8391.938       53.00000    
    8397.185       65.00000    
    8402.431       68.00000    
    8407.677       56.00000    
    8412.922       58.00000    
    8418.168       63.00000    
    8423.414       53.00000    
    8428.660       66.00000    
    8433.906       62.00000    
    8439.152       72.00000    
    8444.398       57.00000    
    8449.645       63.00000    
    8454.891       72.00000    
    8460.136       53.00000    
    8465.382       68.00000    
    8470.628       84.00000    
    8475.874       77.00000    
    8481.120       64.00000    
    8486.366       77.00000    
    8491.612       84.00000    
    8496.858       90.00000    
    8502.104       68.00000    
    8507.350       81.00000    
    8512.596       75.00000    
    8517.842       76.00000    
    8523.088       79.00000    
    8528.334       96.00000    
    8533.580       78.00000    
    8538.826       88.00000    
    8544.071       86.00000    
    8549.317       97.00000    
    8554.563       84.00000    
    8559.810       108.0000    
    8565.056       94.00000    
    8570.302       102.0000    
    8575.548       83.00000    
    8580.794       94.00000    
    8586.040       108.0000    
    8591.285       102.0000    
    8596.531       108.0000    
    8601.777       104.0000    
    8607.023       123.0000    
    8612.270       120.0000    
    8617.516       113.0000    
    8622.762       108.0000    
    8628.008       133.0000    
    8633.253       131.0000    
    8638.499       127.0000    
    8643.745       157.0000    
    8648.991       166.0000    
    8654.237       178.0000    
    8659.483       171.0000    
    8664.729       186.0000    
    8669.976       226.0000    
    8675.221       246.0000    
    8680.467       230.0000    
    8685.713       245.0000    
    8690.959       262.0000    
    8696.205       306.0000    
    8701.451       342.0000    
    8706.697       390.0000    
    8711.943       504.0000    
    8717.188       595.0000    
    8722.435       737.0000    
    8727.681       873.0000    
    8732.927       1144.000    
    8738.173       1544.000    
    8743.419       2044.000    
    8748.665       2783.000    
    8753.911       3837.000    
    8759.157       5149.000    
    8764.402       6987.000    
    8769.648       9415.000    
    8774.895       12635.00    
    8780.141       15794.00    
    8785.387       19316.00    
    8790.633       21725.00    
    8795.879       22139.00    
    8801.125       19943.00    
    8806.370       16077.00    
    8811.616       11002.00    
    8816.862       7291.000    
    8822.108       4362.000    
    8827.354       2720.000    
    8832.601       1898.000    
    8837.847       1548.000    
    8843.093       1325.000    
    8848.338       1313.000    
    8853.584       1263.000    
    8858.830       1254.000    
    8864.076       1341.000    
    8869.322       1320.000    
    8874.568       1396.000    
    8879.814       1584.000    
    8885.061       1616.000    
    8890.307       1744.000    
    8895.552       1804.000    
    8900.798       2024.000    
    8906.044       2214.000    
    8911.290       2232.000    
    8916.536       2381.000    
    8921.782       2442.000    
    8927.028       2345.000    
    8932.274       2414.000    
    8937.520       2498.000    
    8942.766       2377.000    
    8948.012       2261.000    
    8953.258       2226.000    
    8958.504       2146.000    
    8963.750       2182.000    
    8968.996       2082.000    
    8974.242       2033.000    
    8979.487       1957.000    
    8984.733       1944.000    
    8989.979       1828.000    
    8995.226       1808.000    
    9000.472       1765.000    
    9005.718       1650.000    
    9010.964       1659.000    
    9016.210       1690.000    
    9021.455       1711.000    
    9026.701       1532.000    
    9031.947       1476.000    
    9037.193       1484.000    
    9042.439       1459.000    
    9047.686       1415.000    
    9052.932       1449.000    
    9058.178       1352.000    
    9063.424       1383.000    
    9068.669       1341.000    
    9073.915       1356.000    
    9079.161       1327.000    
    9084.407       1228.000    
    9089.653       1225.000    
    9094.899       1223.000    
    9100.146       1216.000    
    9105.392       1216.000    
    9110.637       1170.000    
    9115.883       1064.000    
    9121.129       1132.000    
    9126.375       1135.000    
    9131.621       1022.000    
    9136.867       1102.000    
    9142.113       1020.000    
    9147.359       1020.000    
    9152.604       962.0000    
    9157.851       987.0000    
    9163.097       900.0000    
    9168.343       948.0000    
    9173.589       880.0000    
    9178.835       923.0000    
    9184.081       850.0000    
    9189.327       828.0000    
    9194.573       843.0000    
    9199.818       776.0000    
    9205.064       793.0000    
    9210.311       711.0000    
    9215.557       746.0000    
    9220.803       803.0000    
    9226.049       728.0000    
    9231.295       703.0000    
    9236.541       673.0000    
    9241.786       634.0000    
    9247.032       645.0000    
    9252.278       599.0000    
    9257.524       571.0000    
    9262.771       541.0000    
    9268.017       588.0000    
    9273.263       570.0000    
    9278.509       535.0000    
    9283.754       530.0000    
    9289.000       523.0000    
    9294.246       531.0000    
    9299.492       480.0000    
    9304.738       490.0000    
    9309.984       453.0000    
    9315.230       443.0000    
    9320.477       441.0000    
    9325.723       444.0000    
    9330.968       432.0000    
    9336.214       431.0000    
    9341.460       376.0000    
    9346.706       390.0000    
    9351.952       330.0000    
    9357.198       346.0000    
    9362.444       340.0000    
    9367.690       338.0000    
    9372.936       356.0000    
    9378.182       320.0000    
    9383.428       333.0000    
    9388.674       299.0000    
    9393.920       280.0000    
    9399.166       281.0000    
    9404.412       265.0000    
    9409.658       266.0000    
    9414.903       259.0000    
    9420.149       250.0000    
    9425.396       258.0000    
    9430.642       263.0000    
    9435.888       223.0000    
    9441.134       213.0000    
    9446.380       198.0000    
    9451.626       237.0000    
    9456.871       209.0000    
    9462.117       188.0000    
    9467.363       180.0000    
    9472.609       191.0000    
    9477.855       166.0000    
    9483.102       176.0000    
    9488.348       160.0000    
    9493.594       174.0000    
    9498.840       157.0000    
    9504.085       162.0000    
    9509.331       155.0000    
    9514.577       156.0000    
    9519.823       142.0000    
    9525.069       136.0000    
    9530.315       140.0000    
    9535.562       133.0000    
    9540.808       126.0000    
    9546.053       122.0000    
    9551.299       107.0000    
    9556.545       123.0000    
    9561.791       123.0000    
    9567.037       112.0000    
    9572.283       121.0000    
    9577.529       115.0000    
    9582.775       100.0000    
    9588.021       76.00000    
    9593.267       79.00000    
    9598.513       68.00000    
    9603.759       89.00000    
    9609.005       76.00000    
    9614.251       74.00000    
    9619.497       93.00000    
    9624.743       84.00000    
    9629.989       62.00000    
    9635.234       68.00000    
    9640.480       65.00000    
    9645.727       59.00000    
    9650.973       51.00000    
    9656.219       60.00000    
    9661.465       39.00000    
    9666.711       77.00000    
    9671.957       53.00000    
    9677.202       46.00000    
    9682.448       61.00000    
    9687.694       51.00000    
    9692.940       40.00000    
    9698.187       46.00000    
    9703.433       43.00000    
    9708.679       37.00000    
    9713.925       37.00000    
    9719.170       47.00000    
    9724.416       40.00000    
    9729.662       52.00000    
    9734.908       39.00000    
    9740.154       36.00000    
    9745.400       35.00000    
    9750.646       33.00000    
    9755.893       34.00000    
    9761.138       27.00000    
    9766.384       27.00000    
    9771.630       21.00000    
    9776.876       40.00000    
    9782.122       21.00000    
    9787.368       28.00000    
    9792.614       28.00000    
    9797.860       20.00000    
    9803.106       17.00000    
    9808.352       21.00000    
    9813.598       15.00000    
    9818.844       20.00000    
    9824.090       17.00000    
    9829.336       20.00000    
    9834.582       16.00000    
    9839.828       14.00000    
    9845.074       13.00000    
    9850.319       20.00000    
    9855.565       8.000000    
    9860.812       12.00000    
    9866.058       15.00000    
    9871.304       16.00000    
    9876.550       16.00000    
    9881.796       10.00000    
    9887.042       21.00000    
    9892.287       9.000000    
    9897.533       13.00000    
    9902.779       10.00000    
    9908.025       15.00000    
    9913.271       7.000000    
    9918.518       12.00000    
    9923.764       11.00000    
    9929.010       5.000000    
    9934.256       10.00000    
    9939.501       7.000000    
    9944.747       6.000000    
    9949.993       8.000000    
    9955.239       11.00000    
    9960.485       8.000000    
    9965.731       8.000000    
    9970.978       9.000000    
    9976.224       6.000000    
    9981.469       10.00000    
    9986.715       8.000000    
    9991.961       2.000000    
    9997.207       5.000000    
    10002.45       11.00000    
    10007.70       5.000000    
    10012.95       9.000000    
    10018.19       5.000000    
    10023.44       8.000000    
    10028.68       1.000000    
    10033.93       6.000000    
    10039.17       6.000000    
    10044.42       8.000000    
    10049.67       3.000000    
    10054.91       6.000000    
    10060.16       6.000000    
    10065.40       2.000000    
    10070.65       3.000000    
    10075.90       5.000000    
    10081.14       4.000000    
    10086.39       7.000000    
    10091.63       4.000000    
    10096.88       2.000000    
    10102.13       2.000000    
    10107.37       3.000000    
    10112.62       3.000000    
    10117.86       4.000000    
    10123.11       2.000000    
    10128.36      0.0000000E+00
    10133.60       2.000000    
    10138.85       1.000000    
    10144.09       2.000000    
    10149.34       4.000000    
    10154.59       3.000000    
    10159.83       3.000000    
    10165.08       4.000000    
    10170.32       2.000000    
    10175.57       4.000000    
    10180.82       4.000000    
    10186.06       4.000000    
    10191.31       2.000000    
    10196.55       1.000000    
    10201.80       1.000000    
    10207.05       1.000000    
    10212.29      0.0000000E+00
    10217.54       2.000000    
    10222.78       1.000000    
    10228.03       2.000000    
    10233.28      0.0000000E+00
    10238.52       1.000000    
    10243.77      0.0000000E+00
    10249.01       1.000000    
    10254.26       1.000000    
    10259.51       1.000000    
    10264.75      0.0000000E+00
    10270.00       1.000000    
    10275.24       1.000000    
    10280.49       2.000000    
    10285.74      0.0000000E+00
    10290.98       1.000000    
    10296.23      0.0000000E+00
    10301.47      0.0000000E+00
    10306.72      0.0000000E+00
    10311.97      0.0000000E+00
    10317.21      0.0000000E+00
    10322.46      0.0000000E+00
    10327.70      0.0000000E+00
    10332.95      0.0000000E+00
    10338.20      0.0000000E+00
    10343.44      0.0000000E+00
    10348.69       1.000000    
    10353.93      0.0000000E+00
    10359.18       1.000000    
    10364.43      0.0000000E+00
    10369.67      0.0000000E+00
    10374.92      0.0000000E+00
    10380.16      0.0000000E+00
    10385.41      0.0000000E+00
    10390.66      0.0000000E+00
    10395.90       1.000000    
    10401.15      0.0000000E+00
    10406.39       1.000000    
    10411.64      0.0000000E+00
    10416.88      0.0000000E+00
    10422.13       1.000000    
    10427.38      0.0000000E+00
    10432.62      0.0000000E+00
    10437.87      0.0000000E+00
    10443.12      0.0000000E+00
    10448.36      0.0000000E+00
    10453.61       1.000000    
    10458.85      0.0000000E+00
    10464.10      0.0000000E+00
    10469.34       1.000000    
    10474.59       1.000000    
    10479.84      0.0000000E+00
    10485.08      0.0000000E+00
    10490.33      0.0000000E+00
    10495.58      0.0000000E+00
    10500.82      0.0000000E+00
    10506.07       1.000000    
    10511.31      0.0000000E+00
    10516.56      0.0000000E+00
    10521.80       1.000000    
    10527.05      0.0000000E+00
    10532.30      0.0000000E+00
    10537.54       2.000000    
    10542.79       4.000000    
    10548.03       3.000000    
    10553.28       2.000000    
    10558.53       7.000000    
    10563.77       4.000000    
    10569.02       2.000000    
    10574.26      0.0000000E+00
    10579.51      0.0000000E+00
    10584.76      0.0000000E+00
    10590.00      0.0000000E+00
    10595.25      0.0000000E+00
    10600.49      0.0000000E+00
    10605.74      0.0000000E+00
    10610.99      0.0000000E+00
    10616.23      0.0000000E+00
    10621.48      0.0000000E+00
    10626.72      0.0000000E+00
    10631.97      0.0000000E+00
    10637.22      0.0000000E+00
    10642.46      0.0000000E+00
    10647.71      0.0000000E+00
    10652.95      0.0000000E+00
    10658.20      0.0000000E+00
    10663.45      0.0000000E+00
    10668.69      0.0000000E+00
    10673.94      0.0000000E+00
    10679.18      0.0000000E+00
    10684.43      0.0000000E+00
    10689.68      0.0000000E+00
    10694.92      0.0000000E+00
    10700.17      0.0000000E+00
    10705.41      0.0000000E+00
    10710.66      0.0000000E+00
    10715.91      0.0000000E+00
    10721.15      0.0000000E+00
    10726.40      0.0000000E+00
    10731.64      0.0000000E+00
    10736.89      0.0000000E+00
